 max. elev    0.0000000000000000     
 min elev    0.0000000000000000     
 max. elev. after read    717.20000000000005     
 min elev after read    0.0000000000000000     
 DATA READ COMPLETE -- CLOSING INPUT FILE
 INPUT DATA FROM :
 HEAD.MAP
  ROWS =          302  COLUMNS =          197
 CMANNING =    150.00000000000000     
 FDEPTH       =   0.20000000000000001     
 RMAN      =    4.0000000000000000     
 SPACING        =    29.873999999999999     
 ALIFE    =   0.93500000000000005     
 XMIN =    14.936999999999999       XMAX =    5900.1149999999752     
 YMIN =    14.936999999999999       YMAX =    9036.8849999999547     
 OUTLET AT (X,Y) =    283.80300000000000        612.41700000000026     
 OUTLET AT COL,ROW =           10          21
 NUM. PARTICLES =        31775
 PRINT INCREMENT=          100
 VELOCITY MAPS BUILT
 PARTICLE MAPS BUILT
 BEGIN PARTICLE TRACKING
 PARTICLE COUNT =        31775
 max. elevation =    717.20000000000005     
 min. elevation =    396.00000000000000     
 outlet elevation =    396.00000000000000     
 maximum velocity =    21.670029128942787     
 maximum time     =    9843.5692749305745     
 minimum velocity =   -1.0000000000000000     
 minimum time     =   -1.0000000000000000     
 ALIVE COUNT =    31775.000000000000     
 ALREADY IN OUTLET, PARTICLE SHOULD BE REMOVED
 A SINGLE INSTANCE OF THIS MESSAGE IS EXPECTED
 IP,LPX,LPY =        1170          10          21
 DMOVE,TMOVE  =   0.0000000000000000        0.0000000000000000     
  CUMULATIVE ARRIVAL TIME DISTRIBUTION     
 TIME:FRACTION:NUMBER:MASS:MOVE
   0.0000      0.31471E-04   1.0000       1.0000       17.000    
   8.1268      0.31786E-02   101.00       1.0000       11.000    
   11.123      0.63257E-02   201.00       1.0000       8.0000    
   13.121      0.94729E-02   301.00       1.0000       6.0000    
   14.330      0.12620E-01   401.00       0.0000       14.000    
   15.336      0.15767E-01   501.00       1.0000       4.0000    
   16.446      0.18914E-01   601.00       1.0000       4.0000    
   17.293      0.22061E-01   701.00       0.0000       1.0000    
   18.162      0.25208E-01   801.00       1.0000       2.0000    
   18.944      0.28356E-01   901.00       0.0000       2.0000    
   19.627      0.31503E-01   1001.0       1.0000       4.0000    
   20.509      0.34650E-01   1101.0       1.0000       6.0000    
   21.189      0.37797E-01   1201.0       1.0000       2.0000    
   21.992      0.40944E-01   1301.0       0.0000       1.0000    
   22.749      0.44091E-01   1401.0       1.0000       10.000    
   23.401      0.47238E-01   1501.0       0.0000       1.0000    
   24.145      0.50386E-01   1601.0       1.0000       1.0000    
   24.862      0.53533E-01   1701.0       1.0000       5.0000    
   25.601      0.56680E-01   1801.0       1.0000       3.0000    
   26.247      0.59827E-01   1901.0       0.0000       3.0000    
   26.941      0.62974E-01   2001.0       1.0000       4.0000    
   27.644      0.66121E-01   2101.0       0.0000       1.0000    
   28.437      0.69268E-01   2201.0       1.0000       3.0000    
   29.143      0.72415E-01   2301.0       1.0000       1.0000    
   29.824      0.75563E-01   2401.0       1.0000       9.0000    
   30.406      0.78710E-01   2501.0       1.0000       6.0000    
   31.035      0.81857E-01   2601.0       1.0000       3.0000    
   31.723      0.85004E-01   2701.0       1.0000       7.0000    
   32.493      0.88151E-01   2801.0       0.0000       6.0000    
   33.188      0.91298E-01   2901.0       1.0000       2.0000    
   34.044      0.94445E-01   3001.0       0.0000       5.0000    
   34.730      0.97592E-01   3101.0       1.0000       3.0000    
   35.583      0.10074       3201.0       0.0000       8.0000    
   36.338      0.10389       3301.0       1.0000       9.0000    
   36.954      0.10703       3401.0       0.0000       5.0000    
   37.716      0.11018       3501.0       1.0000       17.000    
   38.353      0.11333       3601.0       1.0000       4.0000    
   38.982      0.11648       3701.0       0.0000       6.0000    
   39.512      0.11962       3801.0       1.0000       14.000    
   40.185      0.12277       3901.0       1.0000       10.000    
   40.846      0.12592       4001.0       1.0000       9.0000    
   41.454      0.12906       4101.0       0.0000       5.0000    
   42.231      0.13221       4201.0       1.0000       5.0000    
   42.840      0.13536       4301.0       0.0000       16.000    
   43.467      0.13851       4401.0       0.0000       2.0000    
   44.089      0.14165       4501.0       1.0000       8.0000    
   44.707      0.14480       4601.0       1.0000       7.0000    
   45.429      0.14795       4701.0       1.0000       4.0000    
   46.047      0.15109       4801.0       1.0000       4.0000    
   46.653      0.15424       4901.0       0.0000       1.0000    
   47.343      0.15739       5001.0       0.0000       1.0000    
   47.911      0.16054       5101.0       0.0000       6.0000    
   48.487      0.16368       5201.0       0.0000       2.0000    
   48.991      0.16683       5301.0       1.0000       24.000    
   49.484      0.16998       5401.0       1.0000       14.000    
   49.990      0.17312       5501.0       1.0000       3.0000    
   50.541      0.17627       5601.0       1.0000       24.000    
   51.087      0.17942       5701.0       1.0000       4.0000    
   51.612      0.18256       5801.0       0.0000       7.0000    
   52.097      0.18571       5901.0       0.0000       13.000    
   52.611      0.18886       6001.0       1.0000       1.0000    
   53.091      0.19201       6101.0       1.0000       8.0000    
   53.481      0.19515       6201.0       1.0000       5.0000    
   53.933      0.19830       6301.0       1.0000       5.0000    
   54.344      0.20145       6401.0       1.0000       4.0000    
   54.822      0.20459       6501.0       1.0000       4.0000    
   55.275      0.20774       6601.0       1.0000       10.000    
   55.664      0.21089       6701.0       0.0000       6.0000    
   56.038      0.21404       6801.0       0.0000       3.0000    
   56.498      0.21718       6901.0       0.0000       4.0000    
   56.921      0.22033       7001.0       1.0000       7.0000    
   57.377      0.22348       7101.0       1.0000       5.0000    
   57.792      0.22662       7201.0       0.0000       1.0000    
   58.264      0.22977       7301.0       1.0000       10.000    
   58.634      0.23292       7401.0       0.0000       3.0000    
   59.114      0.23607       7501.0       0.0000       2.0000    
   59.536      0.23921       7601.0       0.0000       7.0000    
   59.997      0.24236       7701.0       1.0000       4.0000    
   60.386      0.24551       7801.0       0.0000       10.000    
   60.872      0.24865       7901.0       1.0000       4.0000    
   61.230      0.25180       8001.0       1.0000       6.0000    
   61.640      0.25495       8101.0       0.0000       9.0000    
   62.013      0.25810       8201.0       1.0000       6.0000    
   62.373      0.26124       8301.0       0.0000       7.0000    
   62.735      0.26439       8401.0       1.0000       10.000    
   63.134      0.26754       8501.0       1.0000       1.0000    
   63.452      0.27068       8601.0       1.0000       10.000    
   63.800      0.27383       8701.0       1.0000       8.0000    
   64.166      0.27698       8801.0       0.0000       10.000    
   64.535      0.28013       8901.0       1.0000       14.000    
   64.893      0.28327       9001.0       0.0000       1.0000    
   65.306      0.28642       9101.0       1.0000       9.0000    
   65.645      0.28957       9201.0       0.0000       16.000    
   66.052      0.29271       9301.0       0.0000       3.0000    
   66.362      0.29586       9401.0       1.0000       1.0000    
   66.786      0.29901       9501.0       1.0000       14.000    
   67.262      0.30216       9601.0       0.0000       4.0000    
   67.700      0.30530       9701.0       1.0000       3.0000    
   68.150      0.30845       9801.0       1.0000       14.000    
   68.509      0.31160       9901.0       1.0000       9.0000    
   68.975      0.31474       10001.       0.0000       5.0000    
   69.358      0.31789       10101.       1.0000       8.0000    
   69.763      0.32104       10201.       1.0000       3.0000    
   70.227      0.32419       10301.       0.0000       4.0000    
   70.601      0.32733       10401.       1.0000       6.0000    
   71.034      0.33048       10501.       1.0000       3.0000    
   71.449      0.33363       10601.       0.0000       3.0000    
   71.874      0.33677       10701.       1.0000       9.0000    
   72.273      0.33992       10801.       0.0000       1.0000    
   72.681      0.34307       10901.       0.0000       3.0000    
   73.064      0.34622       11001.       1.0000       4.0000    
   73.507      0.34936       11101.       1.0000       2.0000    
   73.946      0.35251       11201.       1.0000       20.000    
   74.345      0.35566       11301.       0.0000       1.0000    
   74.737      0.35880       11401.       1.0000       9.0000    
   75.157      0.36195       11501.       1.0000       10.000    
   75.569      0.36510       11601.       1.0000       2.0000    
   76.017      0.36825       11701.       1.0000       9.0000    
   76.409      0.37139       11801.       1.0000       2.0000    
   76.786      0.37454       11901.       1.0000       4.0000    
   77.139      0.37769       12001.       0.0000       2.0000    
   77.537      0.38083       12101.       1.0000       17.000    
   77.868      0.38398       12201.       1.0000       6.0000    
   78.217      0.38713       12301.       0.0000       1.0000    
   78.569      0.39028       12401.       1.0000       10.000    
   78.999      0.39342       12501.       0.0000       3.0000    
   79.341      0.39657       12601.       1.0000       4.0000    
   79.679      0.39972       12701.       1.0000       4.0000    
   80.022      0.40286       12801.       1.0000       8.0000    
   80.404      0.40601       12901.       0.0000       8.0000    
   80.722      0.40916       13001.       1.0000       1.0000    
   81.106      0.41231       13101.       1.0000       3.0000    
   81.459      0.41545       13201.       1.0000       18.000    
   81.814      0.41860       13301.       1.0000       6.0000    
   82.174      0.42175       13401.       1.0000       3.0000    
   82.506      0.42489       13501.       1.0000       10.000    
   82.805      0.42804       13601.       0.0000       6.0000    
   83.138      0.43119       13701.       0.0000       1.0000    
   83.510      0.43434       13801.       0.0000       3.0000    
   83.833      0.43748       13901.       0.0000       5.0000    
   84.167      0.44063       14001.       0.0000       3.0000    
   84.500      0.44378       14101.       1.0000       2.0000    
   84.844      0.44692       14201.       0.0000       1.0000    
   85.191      0.45007       14301.       0.0000       6.0000    
   85.575      0.45322       14401.       0.0000       3.0000    
   85.919      0.45637       14501.       0.0000       1.0000    
   86.276      0.45951       14601.       0.0000       1.0000    
   86.558      0.46266       14701.       1.0000       3.0000    
   86.885      0.46581       14801.       0.0000       8.0000    
   87.233      0.46895       14901.       0.0000       9.0000    
   87.589      0.47210       15001.       1.0000       6.0000    
   87.889      0.47525       15101.       0.0000       5.0000    
   88.190      0.47839       15201.       0.0000       12.000    
   88.502      0.48154       15301.       0.0000       7.0000    
   88.789      0.48469       15401.       1.0000       1.0000    
   89.113      0.48784       15501.       0.0000       1.0000    
   89.380      0.49098       15601.       1.0000       10.000    
   89.745      0.49413       15701.       1.0000       17.000    
   90.014      0.49728       15801.       1.0000       7.0000    
   90.334      0.50042       15901.       0.0000       1.0000    
   90.606      0.50357       16001.       0.0000       7.0000    
   90.930      0.50672       16101.       1.0000       9.0000    
   91.262      0.50987       16201.       1.0000       10.000    
   91.547      0.51301       16301.       0.0000       3.0000    
   91.840      0.51616       16401.       0.0000       15.000    
   92.112      0.51931       16501.       0.0000       11.000    
   92.456      0.52245       16601.       1.0000       5.0000    
   92.713      0.52560       16701.       0.0000       2.0000    
   93.034      0.52875       16801.       0.0000       6.0000    
   93.327      0.53190       16901.       0.0000       9.0000    
   93.625      0.53504       17001.       1.0000       6.0000    
   93.935      0.53819       17101.       0.0000       5.0000    
   94.213      0.54134       17201.       1.0000       4.0000    
   94.522      0.54448       17301.       0.0000       6.0000    
   94.801      0.54763       17401.       1.0000       11.000    
   95.104      0.55078       17501.       0.0000       2.0000    
   95.392      0.55393       17601.       0.0000       1.0000    
   95.703      0.55707       17701.       1.0000       4.0000    
   96.006      0.56022       17801.       1.0000       24.000    
   96.315      0.56337       17901.       1.0000       13.000    
   96.641      0.56651       18001.       0.0000       10.000    
   96.918      0.56966       18101.       1.0000       1.0000    
   97.216      0.57281       18201.       0.0000       13.000    
   97.536      0.57596       18301.       1.0000       16.000    
   97.861      0.57910       18401.       1.0000       9.0000    
   98.168      0.58225       18501.       1.0000       5.0000    
   98.475      0.58540       18601.       1.0000       7.0000    
   98.782      0.58854       18701.       1.0000       8.0000    
   99.141      0.59169       18801.       0.0000       5.0000    
   99.424      0.59484       18901.       1.0000       9.0000    
   99.722      0.59799       19001.       0.0000       9.0000    
   100.03      0.60113       19101.       1.0000       5.0000    
   100.34      0.60428       19201.       1.0000       7.0000    
   100.64      0.60743       19301.       1.0000       6.0000    
   100.94      0.61057       19401.       1.0000       13.000    
   101.18      0.61372       19501.       1.0000       7.0000    
   101.49      0.61687       19601.       1.0000       9.0000    
   101.85      0.62002       19701.       1.0000       5.0000    
   102.18      0.62316       19801.       0.0000       3.0000    
   102.41      0.62631       19901.       0.0000       15.000    
   102.66      0.62946       20001.       1.0000       8.0000    
   103.02      0.63260       20101.       1.0000       4.0000    
   103.32      0.63575       20201.       0.0000       4.0000    
   103.61      0.63890       20301.       0.0000       8.0000    
   103.88      0.64205       20401.       1.0000       3.0000    
   104.16      0.64519       20501.       0.0000       7.0000    
   104.40      0.64834       20601.       1.0000       16.000    
   104.69      0.65149       20701.       1.0000       1.0000    
   104.98      0.65463       20801.       0.0000       1.0000    
   105.23      0.65778       20901.       1.0000       6.0000    
   105.47      0.66093       21001.       1.0000       2.0000    
   105.78      0.66408       21101.       0.0000       5.0000    
   106.04      0.66722       21201.       1.0000       1.0000    
   106.31      0.67037       21301.       1.0000       2.0000    
   106.57      0.67352       21401.       1.0000       3.0000    
   106.84      0.67666       21501.       0.0000       3.0000    
   107.09      0.67981       21601.       1.0000       3.0000    
   107.36      0.68296       21701.       0.0000       5.0000    
   107.62      0.68611       21801.       0.0000       12.000    
   107.92      0.68925       21901.       0.0000       13.000    
   108.19      0.69240       22001.       0.0000       1.0000    
   108.45      0.69555       22101.       0.0000       1.0000    
   108.71      0.69869       22201.       0.0000       4.0000    
   109.01      0.70184       22301.       1.0000       27.000    
   109.37      0.70499       22401.       0.0000       19.000    
   109.66      0.70814       22501.       1.0000       1.0000    
   109.99      0.71128       22601.       1.0000       9.0000    
   110.30      0.71443       22701.       1.0000       3.0000    
   110.59      0.71758       22801.       1.0000       3.0000    
   110.93      0.72072       22901.       1.0000       4.0000    
   111.35      0.72387       23001.       1.0000       5.0000    
   111.70      0.72702       23101.       1.0000       9.0000    
   112.06      0.73017       23201.       0.0000       1.0000    
   112.42      0.73331       23301.       0.0000       1.0000    
   112.78      0.73646       23401.       1.0000       6.0000    
   113.09      0.73961       23501.       0.0000       1.0000    
   113.50      0.74275       23601.       1.0000       13.000    
   113.85      0.74590       23701.       1.0000       7.0000    
   114.25      0.74905       23801.       0.0000       10.000    
   114.59      0.75220       23901.       0.0000       11.000    
   114.97      0.75534       24001.       0.0000       1.0000    
   115.40      0.75849       24101.       1.0000       1.0000    
   115.83      0.76164       24201.       0.0000       9.0000    
   116.25      0.76478       24301.       1.0000       3.0000    
   116.71      0.76793       24401.       1.0000       2.0000    
   117.15      0.77108       24501.       1.0000       16.000    
   117.58      0.77422       24601.       0.0000       2.0000    
   118.03      0.77737       24701.       1.0000       1.0000    
   118.54      0.78052       24801.       1.0000       2.0000    
   119.01      0.78367       24901.       1.0000       2.0000    
   119.50      0.78681       25001.       0.0000       1.0000    
   119.99      0.78996       25101.       1.0000       4.0000    
   120.55      0.79311       25201.       1.0000       3.0000    
   121.11      0.79625       25301.       1.0000       4.0000    
   121.67      0.79940       25401.       1.0000       1.0000    
   122.24      0.80255       25501.       1.0000       1.0000    
   122.90      0.80570       25601.       1.0000       2.0000    
   123.48      0.80884       25701.       0.0000       5.0000    
   124.06      0.81199       25801.       1.0000       9.0000    
   124.61      0.81514       25901.       1.0000       10.000    
   125.08      0.81828       26001.       0.0000       1.0000    
   125.68      0.82143       26101.       1.0000       10.000    
   126.26      0.82458       26201.       1.0000       7.0000    
   126.82      0.82773       26301.       0.0000       10.000    
   127.46      0.83087       26401.       1.0000       2.0000    
   128.03      0.83402       26501.       1.0000       1.0000    
   128.66      0.83717       26601.       1.0000       16.000    
   129.30      0.84031       26701.       1.0000       9.0000    
   129.92      0.84346       26801.       1.0000       3.0000    
   130.54      0.84661       26901.       1.0000       1.0000    
   131.15      0.84976       27001.       1.0000       8.0000    
   131.75      0.85290       27101.       1.0000       6.0000    
   132.38      0.85605       27201.       1.0000       3.0000    
   133.03      0.85920       27301.       1.0000       5.0000    
   133.65      0.86234       27401.       1.0000       4.0000    
   134.33      0.86549       27501.       1.0000       3.0000    
   134.94      0.86864       27601.       0.0000       2.0000    
   135.57      0.87179       27701.       1.0000       4.0000    
   136.10      0.87493       27801.       1.0000       3.0000    
   136.70      0.87808       27901.       1.0000       6.0000    
   137.41      0.88123       28001.       1.0000       3.0000    
   138.03      0.88437       28101.       1.0000       10.000    
   138.69      0.88752       28201.       0.0000       10.000    
   139.32      0.89067       28301.       1.0000       6.0000    
   139.99      0.89382       28401.       1.0000       9.0000    
   140.67      0.89696       28501.       1.0000       7.0000    
   141.30      0.90011       28601.       1.0000       10.000    
   141.98      0.90326       28701.       1.0000       1.0000    
   142.54      0.90640       28801.       0.0000       4.0000    
   143.34      0.90955       28901.       1.0000       8.0000    
   143.97      0.91270       29001.       1.0000       3.0000    
   144.70      0.91585       29101.       0.0000       16.000    
   145.44      0.91899       29201.       0.0000       1.0000    
   146.15      0.92214       29301.       1.0000       2.0000    
   146.85      0.92529       29401.       0.0000       3.0000    
   147.62      0.92843       29501.       0.0000       15.000    
   148.26      0.93158       29601.       0.0000       5.0000    
   149.08      0.93473       29701.       0.0000       4.0000    
   149.72      0.93788       29801.       1.0000       3.0000    
   150.58      0.94102       29901.       1.0000       3.0000    
   151.30      0.94417       30001.       1.0000       23.000    
   152.11      0.94732       30101.       1.0000       1.0000    
   153.03      0.95046       30201.       1.0000       2.0000    
   153.85      0.95361       30301.       1.0000       1.0000    
   154.96      0.95676       30401.       0.0000       3.0000    
   155.91      0.95991       30501.       1.0000       5.0000    
   156.85      0.96305       30601.       1.0000       5.0000    
   157.74      0.96620       30701.       1.0000       1.0000    
   158.79      0.96935       30801.       1.0000       4.0000    
   159.70      0.97249       30901.       1.0000       2.0000    
   160.89      0.97564       31001.       1.0000       4.0000    
   162.06      0.97879       31101.       1.0000       2.0000    
   163.58      0.98194       31201.       1.0000       1.0000    
   165.43      0.98508       31301.       1.0000       3.0000    
   167.73      0.98823       31401.       1.0000       2.0000    
   171.58      0.99138       31501.       1.0000       2.0000    
   179.63      0.99452       31601.       1.0000       5.0000    
   188.18      0.99767       31701.       1.0000       1.0000    
 ALIVE COUNT =    20065.000000000000     
