* WCF2.DATA  1/9/89 -- BULLETIN 17 EXAMPLES
*---+----1----+----2----+----3----+----4----+----5----+----6----+----7----+----8

Z                               USGS

*               LAT   LON                        AREA          ELEV
* STATIONID     DDMMSSDDDMMSS                    1234567123456712345678

H 12345678      3602190881342                    205.00         380.58
N 12345678      BEARGRASS CREEK
Y 12345678      20.00
2 12345678
3 12345678      19450101   1810               
3 12345678      19460101    791              
3 12345678      19470101    839              
3 12345678      19480101   1750              
3 12345678      19490101    898              
3 12345678      19500101   2120              
3 12345678      19510101   1220              
3 12345678      19520101   1290             
3 12345678      19530101    768              
3 12345678      19540101   1570               
3 12345678      19550101   1240               
3 12345678      19560101   1060               
3 12345678      19570101   1490            
3 12345678      19580101    884               
3 12345678      19590101   1320               
3 12345678      19600101   3300             
3 12345678      19610101   2400               
3 12345678      19620101    976               
3 12345678      19630101    918               
3 12345678      19640101   3920            
3 12345678      19650101   1150             
3 12345678      19660101    874            
3 12345678      19670101    712             
3 12345678      19680101   1450            
3 12345678      19690101    707             
3 12345678      19700101   5200              
3 12345678      19710101   2150             
3 12345678      19720101   1170              
3 12345678      19730101   2080              
3 12345678      19740101   1250               
3 12345678      19750101   2270               
*
