 DATA READ COMPLETE -- CLOSING INPUT FILE
 INPUT DATA FROM :
 HEAD.MAP
  ROWS =  302 COLUMNS =  197
 CMANNING =   150.
 FDEPTH       =   0.2
 RMAN      =   4.
 SPACING        =   29.874
 XMIN =   14.937 XMAX =   5900.115
 YMIN =   14.937 YMAX =   9036.885
 OUTLET AT (X,Y) =   283.803  612.417
 OUTLET AT COL,ROW =  10 21
 NUM. PARTICLES =  31775
 PRINT INCREMENT=  100
 VELOCITY MAPS BUILT
 PARTICLE MAPS BUILT
 BEGIN PARTICLE TRACKING
 PARTICLE COUNT =  31775
 ALREADY IN OUTLET, PARTICLE SHOULD BE REMOVED
 A SINGLE INSTANCE OF THIS MESSAGE IS EXPECTED
 IP,LPX,LPY = 1170 10 21
 DMOVE,TMOVE  =  0.  0.
  CUMULATIVE ARRIVAL TIME DISTRIBUTION     
 -TIME_(MIN)-  --FRACTION--  ---NUMBER---  
        0.000         0.000         1.000
        1.194         0.001        16.000
        2.384         0.001        31.000
        3.514         0.001        46.000
        4.646         0.002        61.000
        6.235         0.002        76.000
        7.502         0.003        91.000
        8.245         0.003       106.000
        8.814         0.004       121.000
        9.348         0.004       136.000
        9.676         0.005       151.000
       10.088         0.005       166.000
       10.475         0.006       181.000
       11.024         0.006       196.000
       11.301         0.007       211.000
       11.791         0.007       226.000
       11.964         0.008       241.000
       12.400         0.008       256.000
       12.601         0.009       271.000
       12.936         0.009       286.000
       13.121         0.009       301.000
       13.347         0.010       316.000
       13.530         0.010       331.000
       13.782         0.011       346.000
       13.932         0.011       361.000
       14.037         0.012       376.000
       14.185         0.012       391.000
       14.431         0.013       406.000
       14.563         0.013       421.000
       14.741         0.014       436.000
       14.917         0.014       451.000
       15.031         0.015       466.000
       15.146         0.015       481.000
       15.298         0.016       496.000
       15.459         0.016       511.000
       15.660         0.017       526.000
       15.744         0.017       541.000
       15.886         0.017       556.000
       16.080         0.018       571.000
       16.261         0.018       586.000
       16.446         0.019       601.000
       16.596         0.019       616.000
       16.705         0.020       631.000
       16.834         0.020       646.000
       16.933         0.021       661.000
       17.040         0.021       676.000
       17.184         0.022       691.000
       17.384         0.022       706.000
       17.475         0.023       721.000
       17.578         0.023       736.000
       17.756         0.024       751.000
       17.869         0.024       766.000
       18.023         0.025       781.000
       18.153         0.025       796.000
       18.206         0.026       811.000
       18.324         0.026       826.000
       18.528         0.026       841.000
       18.618         0.027       856.000
       18.714         0.027       871.000
       18.858         0.028       886.000
       18.944         0.028       901.000
       19.064         0.029       916.000
       19.121         0.029       931.000
       19.277         0.030       946.000
       19.384         0.030       961.000
       19.472         0.031       976.000
       19.556         0.031       991.000
       19.663         0.032      1006.000
       19.759         0.032      1021.000
       19.940         0.033      1036.000
       20.074         0.033      1051.000
       20.211         0.034      1066.000
       20.322         0.034      1081.000
       20.433         0.034      1096.000
       20.575         0.035      1111.000
       20.673         0.035      1126.000
       20.794         0.036      1141.000
       20.923         0.036      1156.000
       21.023         0.037      1171.000
       21.111         0.037      1186.000
       21.189         0.038      1201.000
       21.275         0.038      1216.000
       21.445         0.039      1231.000
       21.553         0.039      1246.000
       21.681         0.040      1261.000
       21.789         0.040      1276.000
       21.899         0.041      1291.000
       22.038         0.041      1306.000
       22.108         0.042      1321.000
       22.250         0.042      1336.000
       22.356         0.043      1351.000
       22.475         0.043      1366.000
       22.607         0.043      1381.000
       22.728         0.044      1396.000
       22.816         0.044      1411.000
       22.923         0.045      1426.000
       23.031         0.045      1441.000
       23.078         0.046      1456.000
       23.171         0.046      1471.000
       23.274         0.047      1486.000
       23.401         0.047      1501.000
       23.562         0.048      1516.000
       23.685         0.048      1531.000
       23.778         0.049      1546.000
       23.867         0.049      1561.000
       23.971         0.050      1576.000
       24.062         0.050      1591.000
       24.192         0.051      1606.000
       24.312         0.051      1621.000
       24.406         0.051      1636.000
       24.479         0.052      1651.000
       24.598         0.052      1666.000
       24.717         0.053      1681.000
       24.821         0.053      1696.000
       24.911         0.054      1711.000
       25.034         0.054      1726.000
       25.147         0.055      1741.000
       25.253         0.055      1756.000
       25.374         0.056      1771.000
       25.502         0.056      1786.000
       25.601         0.057      1801.000
       25.660         0.057      1816.000
       25.771         0.058      1831.000
       25.887         0.058      1846.000
       26.003         0.059      1861.000
       26.078         0.059      1876.000
       26.149         0.060      1891.000
       26.281         0.060      1906.000
       26.429         0.060      1921.000
       26.526         0.061      1936.000
       26.631         0.061      1951.000
       26.692         0.062      1966.000
       26.766         0.062      1981.000
       26.886         0.063      1996.000
       27.008         0.063      2011.000
       27.112         0.064      2026.000
       27.192         0.064      2041.000
       27.327         0.065      2056.000
       27.432         0.065      2071.000
       27.541         0.066      2086.000
       27.644         0.066      2101.000
       27.744         0.067      2116.000
       27.872         0.067      2131.000
       27.959         0.068      2146.000
       28.068         0.068      2161.000
       28.221         0.068      2176.000
       28.356         0.069      2191.000
       28.500         0.069      2206.000
       28.569         0.070      2221.000
       28.658         0.070      2236.000
       28.766         0.071      2251.000
       28.875         0.071      2266.000
       28.980         0.072      2281.000
       29.094         0.072      2296.000
       29.198         0.073      2311.000
       29.298         0.073      2326.000
       29.416         0.074      2341.000
       29.537         0.074      2356.000
       29.633         0.075      2371.000
       29.733         0.075      2386.000
       29.824         0.076      2401.000
       29.900         0.076      2416.000
       30.001         0.077      2431.000
       30.081         0.077      2446.000
       30.169         0.077      2461.000
       30.245         0.078      2476.000
       30.363         0.078      2491.000
       30.430         0.079      2506.000
       30.514         0.079      2521.000
       30.616         0.080      2536.000
       30.744         0.080      2551.000
       30.813         0.081      2566.000
       30.892         0.081      2581.000
       30.999         0.082      2596.000
       31.103         0.082      2611.000
       31.201         0.083      2626.000
       31.324         0.083      2641.000
       31.428         0.084      2656.000
       31.509         0.084      2671.000
       31.613         0.085      2686.000
       31.723         0.085      2701.000
       31.833         0.085      2716.000
       31.963         0.086      2731.000
       32.051         0.086      2746.000
       32.136         0.087      2761.000
       32.250         0.087      2776.000
       32.400         0.088      2791.000
       32.517         0.088      2806.000
       32.615         0.089      2821.000
       32.726         0.089      2836.000
       32.821         0.090      2851.000
       32.929         0.090      2866.000
       33.045         0.091      2881.000
       33.152         0.091      2896.000
       33.258         0.092      2911.000
       33.377         0.092      2926.000
       33.571         0.093      2941.000
       33.664         0.093      2956.000
       33.764         0.094      2971.000
       33.909         0.094      2986.000
       34.044         0.094      3001.000
       34.141         0.095      3016.000
       34.238         0.095      3031.000
       34.341         0.096      3046.000
       34.430         0.096      3061.000
       34.543         0.097      3076.000
       34.640         0.097      3091.000
       34.778         0.098      3106.000
       34.952         0.098      3121.000
       35.097         0.099      3136.000
       35.165         0.099      3151.000
       35.277         0.100      3166.000
       35.384         0.100      3181.000
       35.531         0.101      3196.000
       35.624         0.101      3211.000
       35.716         0.102      3226.000
       35.819         0.102      3241.000
       35.923         0.102      3256.000
       36.054         0.103      3271.000
       36.161         0.103      3286.000
       36.338         0.104      3301.000
       36.401         0.104      3316.000
       36.519         0.105      3331.000
       36.600         0.105      3346.000
       36.694         0.106      3361.000
       36.828         0.106      3376.000
       36.884         0.107      3391.000
       37.019         0.107      3406.000
       37.142         0.108      3421.000
       37.250         0.108      3436.000
       37.368         0.109      3451.000
       37.484         0.109      3466.000
       37.615         0.110      3481.000
       37.703         0.110      3496.000
       37.771         0.110      3511.000
       37.887         0.111      3526.000
       37.979         0.111      3541.000
       38.073         0.112      3556.000
       38.142         0.112      3571.000
       38.248         0.113      3586.000
       38.353         0.113      3601.000
       38.463         0.114      3616.000
       38.533         0.114      3631.000
       38.621         0.115      3646.000
       38.725         0.115      3661.000
       38.811         0.116      3676.000
       38.920         0.116      3691.000
       39.005         0.117      3706.000
       39.094         0.117      3721.000
       39.166         0.118      3736.000
       39.238         0.118      3751.000
       39.296         0.119      3766.000
       39.369         0.119      3781.000
       39.475         0.119      3796.000
       39.598         0.120      3811.000
       39.739         0.120      3826.000
       39.856         0.121      3841.000
       39.914         0.121      3856.000
       39.992         0.122      3871.000
       40.099         0.122      3886.000
       40.185         0.123      3901.000
       40.252         0.123      3916.000
       40.340         0.124      3931.000
       40.428         0.124      3946.000
       40.561         0.125      3961.000
       40.677         0.125      3976.000
       40.767         0.126      3991.000
       40.901         0.126      4006.000
       40.987         0.127      4021.000
       41.071         0.127      4036.000
       41.137         0.127      4051.000
       41.235         0.128      4066.000
       41.333         0.128      4081.000
       41.445         0.129      4096.000
       41.494         0.129      4111.000
       41.606         0.130      4126.000
       41.734         0.130      4141.000
       41.866         0.131      4156.000
       42.017         0.131      4171.000
       42.085         0.132      4186.000
       42.231         0.132      4201.000
       42.325         0.133      4216.000
       42.379         0.133      4231.000
       42.438         0.134      4246.000
       42.536         0.134      4261.000
       42.639         0.135      4276.000
       42.757         0.135      4291.000
       42.863         0.136      4306.000
       42.948         0.136      4321.000
       43.038         0.136      4336.000
       43.149         0.137      4351.000
       43.220         0.137      4366.000
       43.357         0.138      4381.000
       43.446         0.138      4396.000
       43.539         0.139      4411.000
       43.620         0.139      4426.000
       43.738         0.140      4441.000
       43.823         0.140      4456.000
       43.902         0.141      4471.000
       44.009         0.141      4486.000
       44.089         0.142      4501.000
       44.173         0.142      4516.000
       44.309         0.143      4531.000
       44.392         0.143      4546.000
       44.459         0.144      4561.000
       44.543         0.144      4576.000
       44.655         0.144      4591.000
       44.750         0.145      4606.000
       44.817         0.145      4621.000
       44.934         0.146      4636.000
       45.030         0.146      4651.000
       45.152         0.147      4666.000
       45.301         0.147      4681.000
       45.422         0.148      4696.000
       45.482         0.148      4711.000
       45.593         0.149      4726.000
       45.678         0.149      4741.000
       45.795         0.150      4756.000
       45.900         0.150      4771.000
       45.978         0.151      4786.000
       46.047         0.151      4801.000
       46.147         0.152      4816.000
       46.285         0.152      4831.000
       46.386         0.153      4846.000
       46.464         0.153      4861.000
       46.525         0.153      4876.000
       46.608         0.154      4891.000
       46.699         0.154      4906.000
       46.830         0.155      4921.000
       46.926         0.155      4936.000
       47.014         0.156      4951.000
       47.127         0.156      4966.000
       47.242         0.157      4981.000
       47.326         0.157      4996.000
       47.393         0.158      5011.000
       47.489         0.158      5026.000
       47.560         0.159      5041.000
       47.660         0.159      5056.000
       47.795         0.160      5071.000
       47.852         0.160      5086.000
       47.911         0.161      5101.000
       48.007         0.161      5116.000
       48.057         0.161      5131.000
       48.138         0.162      5146.000
       48.247         0.162      5161.000
       48.353         0.163      5176.000
       48.453         0.163      5191.000
       48.502         0.164      5206.000
       48.573         0.164      5221.000
       48.655         0.165      5236.000
       48.712         0.165      5251.000
       48.788         0.166      5266.000
       48.862         0.166      5281.000
       48.967         0.167      5296.000
       49.038         0.167      5311.000
       49.074         0.168      5326.000
       49.154         0.168      5341.000
       49.209         0.169      5356.000
       49.290         0.169      5371.000
       49.373         0.170      5386.000
       49.484         0.170      5401.000
       49.580         0.170      5416.000
       49.652         0.171      5431.000
       49.721         0.171      5446.000
       49.775         0.172      5461.000
       49.886         0.172      5476.000
       49.938         0.173      5491.000
       50.009         0.173      5506.000
       50.089         0.174      5521.000
       50.181         0.174      5536.000
       50.222         0.175      5551.000
       50.346         0.175      5566.000
       50.432         0.176      5581.000
       50.533         0.176      5596.000
       50.581         0.177      5611.000
       50.656         0.177      5626.000
       50.719         0.178      5641.000
       50.810         0.178      5656.000
       50.899         0.178      5671.000
       50.995         0.179      5686.000
       51.087         0.179      5701.000
       51.143         0.180      5716.000
       51.217         0.180      5731.000
       51.286         0.181      5746.000
       51.394         0.181      5761.000
       51.479         0.182      5776.000
       51.581         0.182      5791.000
       51.664         0.183      5806.000
       51.703         0.183      5821.000
       51.764         0.184      5836.000
       51.841         0.184      5851.000
       51.921         0.185      5866.000
       52.008         0.185      5881.000
       52.076         0.186      5896.000
       52.140         0.186      5911.000
       52.226         0.186      5926.000
       52.287         0.187      5941.000
       52.358         0.187      5956.000
       52.455         0.188      5971.000
       52.552         0.188      5986.000
       52.611         0.189      6001.000
       52.677         0.189      6016.000
       52.739         0.190      6031.000
       52.821         0.190      6046.000
       52.872         0.191      6061.000
       52.931         0.191      6076.000
       53.033         0.192      6091.000
       53.115         0.192      6106.000
       53.145         0.193      6121.000
       53.200         0.193      6136.000
       53.269         0.194      6151.000
       53.338         0.194      6166.000
       53.401         0.195      6181.000
       53.447         0.195      6196.000
       53.510         0.195      6211.000
       53.557         0.196      6226.000
       53.624         0.196      6241.000
       53.734         0.197      6256.000
       53.792         0.197      6271.000
       53.861         0.198      6286.000
       53.933         0.198      6301.000
       54.011         0.199      6316.000
       54.075         0.199      6331.000
       54.122         0.200      6346.000
       54.191         0.200      6361.000
       54.238         0.201      6376.000
       54.294         0.201      6391.000
       54.359         0.202      6406.000
       54.436         0.202      6421.000
       54.521         0.203      6436.000
       54.575         0.203      6451.000
       54.646         0.203      6466.000
       54.684         0.204      6481.000
       54.792         0.204      6496.000
       54.868         0.205      6511.000
       54.934         0.205      6526.000
       55.008         0.206      6541.000
       55.055         0.206      6556.000
       55.125         0.207      6571.000
       55.204         0.207      6586.000
       55.275         0.208      6601.000
       55.323         0.208      6616.000
       55.394         0.209      6631.000
       55.452         0.209      6646.000
       55.538         0.210      6661.000
       55.577         0.210      6676.000
       55.624         0.211      6691.000
       55.687         0.211      6706.000
       55.738         0.212      6721.000
       55.806         0.212      6736.000
       55.866         0.212      6751.000
       55.921         0.213      6766.000
       55.968         0.213      6781.000
       56.009         0.214      6796.000
       56.108         0.214      6811.000
       56.172         0.215      6826.000
       56.234         0.215      6841.000
       56.295         0.216      6856.000
       56.366         0.216      6871.000
       56.435         0.217      6886.000
       56.498         0.217      6901.000
       56.573         0.218      6916.000
       56.660         0.218      6931.000
       56.726         0.219      6946.000
       56.775         0.219      6961.000
       56.828         0.220      6976.000
       56.895         0.220      6991.000
       56.936         0.220      7006.000
       57.036         0.221      7021.000
       57.071         0.221      7036.000
       57.142         0.222      7051.000
       57.200         0.222      7066.000
       57.290         0.223      7081.000
       57.364         0.223      7096.000
       57.407         0.224      7111.000
       57.481         0.224      7126.000
       57.536         0.225      7141.000
       57.605         0.225      7156.000
       57.655         0.226      7171.000
       57.720         0.226      7186.000
       57.792         0.227      7201.000
       57.871         0.227      7216.000
       57.942         0.228      7231.000
       57.989         0.228      7246.000
       58.087         0.229      7261.000
       58.140         0.229      7276.000
       58.210         0.229      7291.000
       58.299         0.230      7306.000
       58.332         0.230      7321.000
       58.387         0.231      7336.000
       58.430         0.231      7351.000
       58.516         0.232      7366.000
       58.569         0.232      7381.000
       58.603         0.233      7396.000
       58.679         0.233      7411.000
       58.754         0.234      7426.000
       58.824         0.234      7441.000
       58.888         0.235      7456.000
       58.975         0.235      7471.000
       59.057         0.236      7486.000
       59.114         0.236      7501.000
       59.164         0.237      7516.000
       59.243         0.237      7531.000
       59.306         0.237      7546.000
       59.363         0.238      7561.000
       59.424         0.238      7576.000
       59.504         0.239      7591.000
       59.541         0.239      7606.000
       59.608         0.240      7621.000
       59.686         0.240      7636.000
       59.778         0.241      7651.000
       59.832         0.241      7666.000
       59.878         0.242      7681.000
       59.964         0.242      7696.000
       60.029         0.243      7711.000
       60.071         0.243      7726.000
       60.130         0.244      7741.000
       60.183         0.244      7756.000
       60.237         0.245      7771.000
       60.304         0.245      7786.000
       60.386         0.246      7801.000
       60.458         0.246      7816.000
       60.524         0.246      7831.000
       60.607         0.247      7846.000
       60.664         0.247      7861.000
       60.732         0.248      7876.000
       60.838         0.248      7891.000
       60.891         0.249      7906.000
       60.934         0.249      7921.000
       60.985         0.250      7936.000
       61.058         0.250      7951.000
       61.103         0.251      7966.000
       61.164         0.251      7981.000
       61.214         0.252      7996.000
       61.269         0.252      8011.000
       61.335         0.253      8026.000
       61.387         0.253      8041.000
       61.461         0.254      8056.000
       61.531         0.254      8071.000
       61.582         0.254      8086.000
       61.640         0.255      8101.000
       61.685         0.255      8116.000
       61.760         0.256      8131.000
       61.799         0.256      8146.000
       61.873         0.257      8161.000
       61.927         0.257      8176.000
       61.975         0.258      8191.000
       62.041         0.258      8206.000
       62.092         0.259      8221.000
       62.139         0.259      8236.000
       62.168         0.260      8251.000
       62.208         0.260      8266.000
       62.288         0.261      8281.000
       62.340         0.261      8296.000
       62.402         0.262      8311.000
       62.466         0.262      8326.000
       62.495         0.263      8341.000
       62.554         0.263      8356.000
       62.631         0.263      8371.000
       62.690         0.264      8386.000
       62.735         0.264      8401.000
       62.818         0.265      8416.000
       62.880         0.265      8431.000
       62.944         0.266      8446.000
       63.005         0.266      8461.000
       63.045         0.267      8476.000
       63.098         0.267      8491.000
       63.156         0.268      8506.000
       63.210         0.268      8521.000
       63.262         0.269      8536.000
       63.304         0.269      8551.000
       63.350         0.270      8566.000
       63.383         0.270      8581.000
       63.432         0.271      8596.000
       63.506         0.271      8611.000
       63.562         0.271      8626.000
       63.622         0.272      8641.000
       63.662         0.272      8656.000
       63.699         0.273      8671.000
       63.751         0.273      8686.000
       63.800         0.274      8701.000
       63.860         0.274      8716.000
       63.904         0.275      8731.000
       63.953         0.275      8746.000
       63.999         0.276      8761.000
       64.064         0.276      8776.000
       64.136         0.277      8791.000
       64.184         0.277      8806.000
       64.239         0.278      8821.000
       64.286         0.278      8836.000
       64.363         0.279      8851.000
       64.418         0.279      8866.000
       64.476         0.279      8881.000
       64.516         0.280      8896.000
       64.567         0.280      8911.000
       64.608         0.281      8926.000
       64.646         0.281      8941.000
       64.714         0.282      8956.000
       64.774         0.282      8971.000
       64.829         0.283      8986.000
       64.893         0.283      9001.000
       64.955         0.284      9016.000
       65.047         0.284      9031.000
       65.113         0.285      9046.000
       65.171         0.285      9061.000
       65.216         0.286      9076.000
       65.279         0.286      9091.000
       65.318         0.287      9106.000
       65.366         0.287      9121.000
       65.416         0.288      9136.000
       65.457         0.288      9151.000
       65.508         0.288      9166.000
       65.581         0.289      9181.000
       65.630         0.289      9196.000
       65.682         0.290      9211.000
       65.757         0.290      9226.000
       65.799         0.291      9241.000
       65.873         0.291      9256.000
       65.949         0.292      9271.000
       65.981         0.292      9286.000
       66.052         0.293      9301.000
       66.090         0.293      9316.000
       66.135         0.294      9331.000
       66.200         0.294      9346.000
       66.233         0.295      9361.000
       66.287         0.295      9376.000
       66.332         0.296      9391.000
       66.382         0.296      9406.000
       66.439         0.296      9421.000
       66.530         0.297      9436.000
       66.579         0.297      9451.000
       66.654         0.298      9466.000
       66.692         0.298      9481.000
       66.763         0.299      9496.000
       66.838         0.299      9511.000
       66.892         0.300      9526.000
       66.972         0.300      9541.000
       67.057         0.301      9556.000
       67.135         0.301      9571.000
       67.186         0.302      9586.000
       67.262         0.302      9601.000
       67.341         0.303      9616.000
       67.408         0.303      9631.000
       67.470         0.304      9646.000
       67.535         0.304      9661.000
       67.594         0.305      9676.000
       67.663         0.305      9691.000
       67.720         0.305      9706.000
       67.788         0.306      9721.000
       67.861         0.306      9736.000
       67.913         0.307      9751.000
       67.983         0.307      9766.000
       68.060         0.308      9781.000
       68.121         0.308      9796.000
       68.201         0.309      9811.000
       68.256         0.309      9826.000
       68.312         0.310      9841.000
       68.353         0.310      9856.000
       68.394         0.311      9871.000
       68.436         0.311      9886.000
       68.509         0.312      9901.000
       68.591         0.312      9916.000
       68.680         0.313      9931.000
       68.755         0.313      9946.000
       68.811         0.313      9961.000
       68.881         0.314      9976.000
       68.934         0.314      9991.000
       68.984         0.315     10006.000
       69.036         0.315     10021.000
       69.110         0.316     10036.000
       69.181         0.316     10051.000
       69.215         0.317     10066.000
       69.277         0.317     10081.000
       69.337         0.318     10096.000
       69.414         0.318     10111.000
       69.475         0.319     10126.000
       69.523         0.319     10141.000
       69.579         0.320     10156.000
       69.655         0.320     10171.000
       69.710         0.321     10186.000
       69.763         0.321     10201.000
       69.832         0.322     10216.000
       69.912         0.322     10231.000
       69.982         0.322     10246.000
       70.037         0.323     10261.000
       70.096         0.323     10276.000
       70.177         0.324     10291.000
       70.241         0.324     10306.000
       70.287         0.325     10321.000
       70.350         0.325     10336.000
       70.403         0.326     10351.000
       70.464         0.326     10366.000
       70.518         0.327     10381.000
       70.574         0.327     10396.000
       70.637         0.328     10411.000
       70.700         0.328     10426.000
       70.766         0.329     10441.000
       70.846         0.329     10456.000
       70.927         0.330     10471.000
       70.967         0.330     10486.000
       71.034         0.330     10501.000
       71.094         0.331     10516.000
       71.140         0.331     10531.000
       71.190         0.332     10546.000
       71.282         0.332     10561.000
       71.335         0.333     10576.000
       71.418         0.333     10591.000
       71.461         0.334     10606.000
       71.525         0.334     10621.000
       71.579         0.335     10636.000
       71.646         0.335     10651.000
       71.720         0.336     10666.000
       71.768         0.336     10681.000
       71.852         0.337     10696.000
       71.899         0.337     10711.000
       71.970         0.338     10726.000
       72.023         0.338     10741.000
       72.077         0.339     10756.000
       72.152         0.339     10771.000
       72.199         0.339     10786.000
       72.273         0.340     10801.000
       72.329         0.340     10816.000
       72.391         0.341     10831.000
       72.445         0.341     10846.000
       72.506         0.342     10861.000
       72.562         0.342     10876.000
       72.641         0.343     10891.000
       72.696         0.343     10906.000
       72.748         0.344     10921.000
       72.820         0.344     10936.000
       72.866         0.345     10951.000
       72.928         0.345     10966.000
       73.008         0.346     10981.000
       73.039         0.346     10996.000
       73.098         0.347     11011.000
       73.161         0.347     11026.000
       73.227         0.347     11041.000
       73.317         0.348     11056.000
       73.390         0.348     11071.000
       73.441         0.349     11086.000
       73.507         0.349     11101.000
       73.547         0.350     11116.000
       73.615         0.350     11131.000
       73.678         0.351     11146.000
       73.787         0.351     11161.000
       73.852         0.352     11176.000
       73.920         0.352     11191.000
       73.961         0.353     11206.000
       74.003         0.353     11221.000
       74.078         0.354     11236.000
       74.128         0.354     11251.000
       74.175         0.355     11266.000
       74.244         0.355     11281.000
       74.296         0.355     11296.000
       74.389         0.356     11311.000
       74.452         0.356     11326.000
       74.522         0.357     11341.000
       74.577         0.357     11356.000
       74.609         0.358     11371.000
       74.659         0.358     11386.000
       74.737         0.359     11401.000
       74.796         0.359     11416.000
       74.855         0.360     11431.000
       74.917         0.360     11446.000
       74.978         0.361     11461.000
       75.059         0.361     11476.000
       75.119         0.362     11491.000
       75.170         0.362     11506.000
       75.206         0.363     11521.000
       75.289         0.363     11536.000
       75.354         0.364     11551.000
       75.417         0.364     11566.000
       75.473         0.364     11581.000
       75.551         0.365     11596.000
       75.604         0.365     11611.000
       75.669         0.366     11626.000
       75.761         0.366     11641.000
       75.801         0.367     11656.000
       75.889         0.367     11671.000
       75.934         0.368     11686.000
       76.017         0.368     11701.000
       76.069         0.369     11716.000
       76.123         0.369     11731.000
       76.194         0.370     11746.000
       76.256         0.370     11761.000
       76.289         0.371     11776.000
       76.360         0.371     11791.000
       76.421         0.372     11806.000
       76.495         0.372     11821.000
       76.543         0.372     11836.000
       76.601         0.373     11851.000
       76.657         0.373     11866.000
       76.706         0.374     11881.000
       76.768         0.374     11896.000
       76.830         0.375     11911.000
       76.882         0.375     11926.000
       76.935         0.376     11941.000
       76.991         0.376     11956.000
       77.038         0.377     11971.000
       77.070         0.377     11986.000
       77.139         0.378     12001.000
       77.222         0.378     12016.000
       77.281         0.379     12031.000
       77.325         0.379     12046.000
       77.380         0.380     12061.000
       77.432         0.380     12076.000
       77.508         0.381     12091.000
       77.552         0.381     12106.000
       77.598         0.381     12121.000
       77.649         0.382     12136.000
       77.705         0.382     12151.000
       77.760         0.383     12166.000
       77.821         0.383     12181.000
       77.856         0.384     12196.000
       77.900         0.384     12211.000
       77.965         0.385     12226.000
       78.017         0.385     12241.000
       78.063         0.386     12256.000
       78.117         0.386     12271.000
       78.157         0.387     12286.000
       78.217         0.387     12301.000
       78.277         0.388     12316.000
       78.339         0.388     12331.000
       78.388         0.389     12346.000
       78.429         0.389     12361.000
       78.476         0.389     12376.000
       78.541         0.390     12391.000
       78.605         0.390     12406.000
       78.699         0.391     12421.000
       78.744         0.391     12436.000
       78.797         0.392     12451.000
       78.850         0.392     12466.000
       78.909         0.393     12481.000
       78.974         0.393     12496.000
       79.030         0.394     12511.000
       79.080         0.394     12526.000
       79.131         0.395     12541.000
       79.174         0.395     12556.000
       79.232         0.396     12571.000
       79.295         0.396     12586.000
       79.341         0.397     12601.000
       79.386         0.397     12616.000
       79.419         0.398     12631.000
       79.474         0.398     12646.000
       79.555         0.398     12661.000
       79.612         0.399     12676.000
       79.655         0.399     12691.000
       79.683         0.400     12706.000
       79.738         0.400     12721.000
       79.796         0.401     12736.000
       79.844         0.401     12751.000
       79.900         0.402     12766.000
       79.945         0.402     12781.000
       80.010         0.403     12796.000
       80.076         0.403     12811.000
       80.134         0.404     12826.000
       80.197         0.404     12841.000
       80.238         0.405     12856.000
       80.287         0.405     12871.000
       80.342         0.406     12886.000
       80.404         0.406     12901.000
       80.447         0.406     12916.000
       80.495         0.407     12931.000
       80.525         0.407     12946.000
       80.564         0.408     12961.000
       80.620         0.408     12976.000
       80.674         0.409     12991.000
       80.737         0.409     13006.000
       80.806         0.410     13021.000
       80.836         0.410     13036.000
       80.897         0.411     13051.000
       80.947         0.411     13066.000
       81.013         0.412     13081.000
       81.088         0.412     13096.000
       81.135         0.413     13111.000
       81.180         0.413     13126.000
       81.266         0.414     13141.000
       81.322         0.414     13156.000
       81.386         0.415     13171.000
       81.423         0.415     13186.000
       81.459         0.415     13201.000
       81.493         0.416     13216.000
       81.558         0.416     13231.000
       81.610         0.417     13246.000
       81.661         0.417     13261.000
       81.711         0.418     13276.000
       81.755         0.418     13291.000
       81.825         0.419     13306.000
       81.884         0.419     13321.000
       81.942         0.420     13336.000
       81.991         0.420     13351.000
       82.036         0.421     13366.000
       82.096         0.421     13381.000
       82.153         0.422     13396.000
       82.212         0.422     13411.000
       82.265         0.423     13426.000
       82.290         0.423     13441.000
       82.336         0.423     13456.000
       82.373         0.424     13471.000
       82.466         0.424     13486.000
       82.506         0.425     13501.000
       82.541         0.425     13516.000
       82.588         0.426     13531.000
       82.616         0.426     13546.000
       82.673         0.427     13561.000
       82.700         0.427     13576.000
       82.753         0.428     13591.000
       82.818         0.428     13606.000
       82.864         0.429     13621.000
       82.898         0.429     13636.000
       82.964         0.430     13651.000
       83.008         0.430     13666.000
       83.077         0.431     13681.000
       83.117         0.431     13696.000
       83.179         0.432     13711.000
       83.230         0.432     13726.000
       83.312         0.432     13741.000
       83.353         0.433     13756.000
       83.414         0.433     13771.000
       83.461         0.434     13786.000
       83.510         0.434     13801.000
       83.547         0.435     13816.000
       83.590         0.435     13831.000
       83.659         0.436     13846.000
       83.709         0.436     13861.000
       83.751         0.437     13876.000
       83.795         0.437     13891.000
       83.846         0.438     13906.000
       83.888         0.438     13921.000
       83.939         0.439     13936.000
       83.982         0.439     13951.000
       84.046         0.440     13966.000
       84.107         0.440     13981.000
       84.158         0.440     13996.000
       84.187         0.441     14011.000
       84.239         0.441     14026.000
       84.295         0.442     14041.000
       84.343         0.442     14056.000
       84.387         0.443     14071.000
       84.447         0.443     14086.000
       84.500         0.444     14101.000
       84.570         0.444     14116.000
       84.622         0.445     14131.000
       84.660         0.445     14146.000
       84.708         0.446     14161.000
       84.784         0.446     14176.000
       84.819         0.447     14191.000
       84.860         0.447     14206.000
       84.909         0.448     14221.000
       84.969         0.448     14236.000
       85.008         0.448     14251.000
       85.063         0.449     14266.000
       85.111         0.449     14281.000
       85.173         0.450     14296.000
       85.230         0.450     14311.000
       85.296         0.451     14326.000
       85.344         0.451     14341.000
       85.406         0.452     14356.000
       85.439         0.452     14371.000
       85.505         0.453     14386.000
       85.575         0.453     14401.000
       85.607         0.454     14416.000
       85.657         0.454     14431.000
       85.707         0.455     14446.000
       85.755         0.455     14461.000
       85.811         0.456     14476.000
       85.886         0.456     14491.000
       85.928         0.457     14506.000
       86.003         0.457     14521.000
       86.054         0.457     14536.000
       86.097         0.458     14551.000
       86.141         0.458     14566.000
       86.198         0.459     14581.000
       86.258         0.459     14596.000
       86.309         0.460     14611.000
       86.341         0.460     14626.000
       86.377         0.461     14641.000
       86.436         0.461     14656.000
       86.481         0.462     14671.000
       86.523         0.462     14686.000
       86.558         0.463     14701.000
       86.611         0.463     14716.000
       86.654         0.464     14731.000
       86.684         0.464     14746.000
       86.740         0.465     14761.000
       86.785         0.465     14776.000
       86.823         0.465     14791.000
       86.909         0.466     14806.000
       86.976         0.466     14821.000
       87.037         0.467     14836.000
       87.067         0.467     14851.000
       87.108         0.468     14866.000
       87.171         0.468     14881.000
       87.209         0.469     14896.000
       87.274         0.469     14911.000
       87.312         0.470     14926.000
       87.366         0.470     14941.000
       87.443         0.471     14956.000
       87.494         0.471     14971.000
       87.553         0.472     14986.000
       87.589         0.472     15001.000
       87.657         0.473     15016.000
       87.679         0.473     15031.000
       87.721         0.474     15046.000
       87.770         0.474     15061.000
       87.807         0.474     15076.000
       87.855         0.475     15091.000
       87.909         0.475     15106.000
       87.938         0.476     15121.000
       87.971         0.476     15136.000
       88.011         0.477     15151.000
       88.067         0.477     15166.000
       88.139         0.478     15181.000
       88.181         0.478     15196.000
       88.222         0.479     15211.000
       88.280         0.479     15226.000
       88.336         0.480     15241.000
       88.387         0.480     15256.000
       88.422         0.481     15271.000
       88.451         0.481     15286.000
       88.502         0.482     15301.000
       88.533         0.482     15316.000
       88.573         0.482     15331.000
       88.649         0.483     15346.000
       88.688         0.483     15361.000
       88.734         0.484     15376.000
       88.762         0.484     15391.000
       88.805         0.485     15406.000
       88.846         0.485     15421.000
       88.885         0.486     15436.000
       88.926         0.486     15451.000
       88.975         0.487     15466.000
       89.032         0.487     15481.000
       89.090         0.488     15496.000
       89.138         0.488     15511.000
       89.166         0.489     15526.000
       89.203         0.489     15541.000
       89.250         0.490     15556.000
       89.293         0.490     15571.000
       89.341         0.491     15586.000
       89.380         0.491     15601.000
       89.431         0.491     15616.000
       89.481         0.492     15631.000
       89.534         0.492     15646.000
       89.611         0.493     15661.000
       89.673         0.493     15676.000
       89.725         0.494     15691.000
       89.750         0.494     15706.000
       89.776         0.495     15721.000
       89.841         0.495     15736.000
       89.884         0.496     15751.000
       89.921         0.496     15766.000
       89.955         0.497     15781.000
       90.004         0.497     15796.000
       90.039         0.498     15811.000
       90.075         0.498     15826.000
       90.119         0.499     15841.000
       90.159         0.499     15856.000
       90.209         0.499     15871.000
       90.290         0.500     15886.000
       90.334         0.500     15901.000
       90.377         0.501     15916.000
       90.414         0.501     15931.000
       90.463         0.502     15946.000
       90.508         0.502     15961.000
       90.537         0.503     15976.000
       90.579         0.503     15991.000
       90.617         0.504     16006.000
       90.645         0.504     16021.000
       90.694         0.505     16036.000
       90.736         0.505     16051.000
       90.796         0.506     16066.000
       90.843         0.506     16081.000
       90.908         0.507     16096.000
       90.970         0.507     16111.000
       91.022         0.508     16126.000
       91.078         0.508     16141.000
       91.123         0.508     16156.000
       91.183         0.509     16171.000
       91.225         0.509     16186.000
       91.262         0.510     16201.000
       91.292         0.510     16216.000
       91.325         0.511     16231.000
       91.353         0.511     16246.000
       91.391         0.512     16261.000
       91.448         0.512     16276.000
       91.523         0.513     16291.000
       91.559         0.513     16306.000
       91.581         0.514     16321.000
       91.633         0.514     16336.000
       91.673         0.515     16351.000
       91.731         0.515     16366.000
       91.782         0.516     16381.000
       91.836         0.516     16396.000
       91.860         0.516     16411.000
       91.893         0.517     16426.000
       91.957         0.517     16441.000
       91.989         0.518     16456.000
       92.023         0.518     16471.000
       92.067         0.519     16486.000
       92.112         0.519     16501.000
       92.166         0.520     16516.000
       92.219         0.520     16531.000
       92.265         0.521     16546.000
       92.320         0.521     16561.000
       92.384         0.522     16576.000
       92.415         0.522     16591.000
       92.464         0.523     16606.000
       92.498         0.523     16621.000
       92.546         0.524     16636.000
       92.598         0.524     16651.000
       92.637         0.525     16666.000
       92.680         0.525     16681.000
       92.709         0.525     16696.000
       92.733         0.526     16711.000
       92.772         0.526     16726.000
       92.814         0.527     16741.000
       92.861         0.527     16756.000
       92.930         0.528     16771.000
       93.002         0.528     16786.000
       93.034         0.529     16801.000
       93.072         0.529     16816.000
       93.118         0.530     16831.000
       93.188         0.530     16846.000
       93.215         0.531     16861.000
       93.265         0.531     16876.000
       93.312         0.532     16891.000
       93.330         0.532     16906.000
       93.376         0.533     16921.000
       93.432         0.533     16936.000
       93.467         0.533     16951.000
       93.513         0.534     16966.000
       93.562         0.534     16981.000
       93.612         0.535     16996.000
       93.650         0.535     17011.000
       93.696         0.536     17026.000
       93.731         0.536     17041.000
       93.764         0.537     17056.000
       93.828         0.537     17071.000
       93.906         0.538     17086.000
       93.935         0.538     17101.000
       93.956         0.539     17116.000
       93.982         0.539     17131.000
       94.030         0.540     17146.000
       94.079         0.540     17161.000
       94.138         0.541     17176.000
       94.175         0.541     17191.000
       94.225         0.541     17206.000
       94.262         0.542     17221.000
       94.311         0.542     17236.000
       94.356         0.543     17251.000
       94.401         0.543     17266.000
       94.454         0.544     17281.000
       94.504         0.544     17296.000
       94.538         0.545     17311.000
       94.583         0.545     17326.000
       94.629         0.546     17341.000
       94.689         0.546     17356.000
       94.721         0.547     17371.000
       94.773         0.547     17386.000
       94.801         0.548     17401.000
       94.850         0.548     17416.000
       94.898         0.549     17431.000
       94.932         0.549     17446.000
       94.985         0.550     17461.000
       95.034         0.550     17476.000
       95.072         0.550     17491.000
       95.125         0.551     17506.000
       95.162         0.551     17521.000
       95.203         0.552     17536.000
       95.231         0.552     17551.000
       95.286         0.553     17566.000
       95.352         0.553     17581.000
       95.386         0.554     17596.000
       95.416         0.554     17611.000
       95.452         0.555     17626.000
       95.490         0.555     17641.000
       95.542         0.556     17656.000
       95.597         0.556     17671.000
       95.648         0.557     17686.000
       95.703         0.557     17701.000
       95.738         0.558     17716.000
       95.788         0.558     17731.000
       95.839         0.558     17746.000
       95.888         0.559     17761.000
       95.954         0.559     17776.000
       95.989         0.560     17791.000
       96.023         0.560     17806.000
       96.057         0.561     17821.000
       96.111         0.561     17836.000
       96.157         0.562     17851.000
       96.196         0.562     17866.000
       96.251         0.563     17881.000
       96.295         0.563     17896.000
       96.340         0.564     17911.000
       96.394         0.564     17926.000
       96.437         0.565     17941.000
       96.484         0.565     17956.000
       96.542         0.566     17971.000
       96.588         0.566     17986.000
       96.641         0.567     18001.000
       96.678         0.567     18016.000
       96.699         0.567     18031.000
       96.778         0.568     18046.000
       96.819         0.568     18061.000
       96.864         0.569     18076.000
       96.895         0.569     18091.000
       96.932         0.570     18106.000
       96.973         0.570     18121.000
       97.029         0.571     18136.000
       97.068         0.571     18151.000
       97.106         0.572     18166.000
       97.179         0.572     18181.000
       97.208         0.573     18196.000
       97.251         0.573     18211.000
       97.303         0.574     18226.000
       97.350         0.574     18241.000
       97.409         0.575     18256.000
       97.466         0.575     18271.000
       97.501         0.575     18286.000
       97.536         0.576     18301.000
       97.560         0.576     18316.000
       97.618         0.577     18331.000
       97.668         0.577     18346.000
       97.727         0.578     18361.000
       97.774         0.578     18376.000
       97.814         0.579     18391.000
       97.871         0.579     18406.000
       97.920         0.580     18421.000
       97.959         0.580     18436.000
       98.029         0.581     18451.000
       98.076         0.581     18466.000
       98.118         0.582     18481.000
       98.151         0.582     18496.000
       98.207         0.583     18511.000
       98.245         0.583     18526.000
       98.264         0.584     18541.000
       98.320         0.584     18556.000
       98.387         0.584     18571.000
       98.422         0.585     18586.000
       98.475         0.585     18601.000
       98.528         0.586     18616.000
       98.549         0.586     18631.000
       98.606         0.587     18646.000
       98.672         0.587     18661.000
       98.738         0.588     18676.000
       98.768         0.588     18691.000
       98.790         0.589     18706.000
       98.871         0.589     18721.000
       98.927         0.590     18736.000
       98.978         0.590     18751.000
       99.021         0.591     18766.000
       99.060         0.591     18781.000
       99.125         0.592     18796.000
       99.153         0.592     18811.000
       99.212         0.592     18826.000
       99.270         0.593     18841.000
       99.296         0.593     18856.000
       99.341         0.594     18871.000
       99.378         0.594     18886.000
       99.424         0.595     18901.000
       99.488         0.595     18916.000
       99.520         0.596     18931.000
       99.569         0.596     18946.000
       99.599         0.597     18961.000
       99.624         0.597     18976.000
       99.673         0.598     18991.000
       99.740         0.598     19006.000
       99.779         0.599     19021.000
       99.830         0.599     19036.000
       99.872         0.600     19051.000
       99.945         0.600     19066.000
       99.994         0.601     19081.000
      100.027         0.601     19096.000
      100.079         0.601     19111.000
      100.137         0.602     19126.000
      100.173         0.602     19141.000
      100.222         0.603     19156.000
      100.255         0.603     19171.000
      100.303         0.604     19186.000
      100.344         0.604     19201.000
      100.402         0.605     19216.000
      100.455         0.605     19231.000
      100.501         0.606     19246.000
      100.541         0.606     19261.000
      100.574         0.607     19276.000
      100.620         0.607     19291.000
      100.649         0.608     19306.000
      100.702         0.608     19321.000
      100.765         0.609     19336.000
      100.811         0.609     19351.000
      100.848         0.609     19366.000
      100.873         0.610     19381.000
      100.927         0.610     19396.000
      100.966         0.611     19411.000
      101.016         0.611     19426.000
      101.048         0.612     19441.000
      101.086         0.612     19456.000
      101.110         0.613     19471.000
      101.129         0.613     19486.000
      101.179         0.614     19501.000
      101.229         0.614     19516.000
      101.255         0.615     19531.000
      101.327         0.615     19546.000
      101.367         0.616     19561.000
      101.410         0.616     19576.000
      101.454         0.617     19591.000
      101.497         0.617     19606.000
      101.560         0.617     19621.000
      101.616         0.618     19636.000
      101.668         0.618     19651.000
      101.709         0.619     19666.000
      101.762         0.619     19681.000
      101.843         0.620     19696.000
      101.893         0.620     19711.000
      101.968         0.621     19726.000
      102.006         0.621     19741.000
      102.058         0.622     19756.000
      102.100         0.622     19771.000
      102.144         0.623     19786.000
      102.181         0.623     19801.000
      102.223         0.624     19816.000
      102.255         0.624     19831.000
      102.292         0.625     19846.000
      102.326         0.625     19861.000
      102.364         0.626     19876.000
      102.394         0.626     19891.000
      102.426         0.626     19906.000
      102.450         0.627     19921.000
      102.502         0.627     19936.000
      102.542         0.628     19951.000
      102.589         0.628     19966.000
      102.627         0.629     19981.000
      102.657         0.629     19996.000
      102.686         0.630     20011.000
      102.719         0.630     20026.000
      102.812         0.631     20041.000
      102.872         0.631     20056.000
      102.915         0.632     20071.000
      102.970         0.632     20086.000
      103.017         0.633     20101.000
      103.058         0.633     20116.000
      103.100         0.634     20131.000
      103.134         0.634     20146.000
      103.174         0.634     20161.000
      103.209         0.635     20176.000
      103.259         0.635     20191.000
      103.321         0.636     20206.000
      103.367         0.636     20221.000
      103.443         0.637     20236.000
      103.472         0.637     20251.000
      103.501         0.638     20266.000
      103.541         0.638     20281.000
      103.592         0.639     20296.000
      103.631         0.639     20311.000
      103.672         0.640     20326.000
      103.718         0.640     20341.000
      103.772         0.641     20356.000
      103.806         0.641     20371.000
      103.845         0.642     20386.000
      103.884         0.642     20401.000
      103.925         0.643     20416.000
      103.969         0.643     20431.000
      104.011         0.643     20446.000
      104.063         0.644     20461.000
      104.080         0.644     20476.000
      104.126         0.645     20491.000
      104.173         0.645     20506.000
      104.198         0.646     20521.000
      104.259         0.646     20536.000
      104.310         0.647     20551.000
      104.329         0.647     20566.000
      104.366         0.648     20581.000
      104.391         0.648     20596.000
      104.420         0.649     20611.000
      104.468         0.649     20626.000
      104.504         0.650     20641.000
      104.539         0.650     20656.000
      104.599         0.651     20671.000
      104.642         0.651     20686.000
      104.690         0.651     20701.000
      104.737         0.652     20716.000
      104.764         0.652     20731.000
      104.800         0.653     20746.000
      104.841         0.653     20761.000
      104.892         0.654     20776.000
      104.948         0.654     20791.000
      104.986         0.655     20806.000
      105.017         0.655     20821.000
      105.057         0.656     20836.000
      105.105         0.656     20851.000
      105.136         0.657     20866.000
      105.177         0.657     20881.000
      105.220         0.658     20896.000
      105.250         0.658     20911.000
      105.278         0.659     20926.000
      105.306         0.659     20941.000
      105.339         0.660     20956.000
      105.388         0.660     20971.000
      105.427         0.660     20986.000
      105.472         0.661     21001.000
      105.547         0.661     21016.000
      105.576         0.662     21031.000
      105.624         0.662     21046.000
      105.670         0.663     21061.000
      105.717         0.663     21076.000
      105.751         0.664     21091.000
      105.788         0.664     21106.000
      105.833         0.665     21121.000
      105.885         0.665     21136.000
      105.933         0.666     21151.000
      105.968         0.666     21166.000
      105.999         0.667     21181.000
      106.025         0.667     21196.000
      106.058         0.668     21211.000
      106.086         0.668     21226.000
      106.129         0.668     21241.000
      106.174         0.669     21256.000
      106.239         0.669     21271.000
      106.262         0.670     21286.000
      106.307         0.670     21301.000
      106.358         0.671     21316.000
      106.402         0.671     21331.000
      106.456         0.672     21346.000
      106.477         0.672     21361.000
      106.511         0.673     21376.000
      106.552         0.673     21391.000
      106.584         0.674     21406.000
      106.618         0.674     21421.000
      106.667         0.675     21436.000
      106.713         0.675     21451.000
      106.750         0.676     21466.000
      106.806         0.676     21481.000
      106.825         0.677     21496.000
      106.861         0.677     21511.000
      106.895         0.677     21526.000
      106.937         0.678     21541.000
      106.982         0.678     21556.000
      107.013         0.679     21571.000
      107.042         0.679     21586.000
      107.088         0.680     21601.000
      107.139         0.680     21616.000
      107.184         0.681     21631.000
      107.231         0.681     21646.000
      107.258         0.682     21661.000
      107.303         0.682     21676.000
      107.343         0.683     21691.000
      107.375         0.683     21706.000
      107.418         0.684     21721.000
      107.450         0.684     21736.000
      107.492         0.685     21751.000
      107.533         0.685     21766.000
      107.562         0.685     21781.000
      107.607         0.686     21796.000
      107.653         0.686     21811.000
      107.696         0.687     21826.000
      107.730         0.687     21841.000
      107.785         0.688     21856.000
      107.831         0.688     21871.000
      107.882         0.689     21886.000
      107.922         0.689     21901.000
      107.982         0.690     21916.000
      108.032         0.690     21931.000
      108.059         0.691     21946.000
      108.093         0.691     21961.000
      108.116         0.692     21976.000
      108.168         0.692     21991.000
      108.201         0.693     22006.000
      108.234         0.693     22021.000
      108.280         0.694     22036.000
      108.323         0.694     22051.000
      108.348         0.694     22066.000
      108.395         0.695     22081.000
      108.431         0.695     22096.000
      108.483         0.696     22111.000
      108.496         0.696     22126.000
      108.553         0.697     22141.000
      108.583         0.697     22156.000
      108.628         0.698     22171.000
      108.666         0.698     22186.000
      108.710         0.699     22201.000
      108.735         0.699     22216.000
      108.797         0.700     22231.000
      108.841         0.700     22246.000
      108.898         0.701     22261.000
      108.938         0.701     22276.000
      108.976         0.702     22291.000
      109.031         0.702     22306.000
      109.099         0.702     22321.000
      109.132         0.703     22336.000
      109.182         0.703     22351.000
      109.238         0.704     22366.000
      109.309         0.704     22381.000
      109.359         0.705     22396.000
      109.392         0.705     22411.000
      109.434         0.706     22426.000
      109.482         0.706     22441.000
      109.539         0.707     22456.000
      109.572         0.707     22471.000
      109.625         0.708     22486.000
      109.664         0.708     22501.000
      109.723         0.709     22516.000
      109.775         0.709     22531.000
      109.826         0.710     22546.000
      109.882         0.710     22561.000
      109.922         0.710     22576.000
      109.972         0.711     22591.000
      110.009         0.711     22606.000
      110.077         0.712     22621.000
      110.132         0.712     22636.000
      110.165         0.713     22651.000
      110.191         0.713     22666.000
      110.224         0.714     22681.000
      110.275         0.714     22696.000
      110.334         0.715     22711.000
      110.370         0.715     22726.000
      110.420         0.716     22741.000
      110.442         0.716     22756.000
      110.479         0.717     22771.000
      110.522         0.717     22786.000
      110.585         0.718     22801.000
      110.639         0.718     22816.000
      110.678         0.719     22831.000
      110.726         0.719     22846.000
      110.779         0.719     22861.000
      110.833         0.720     22876.000
      110.897         0.720     22891.000
      110.946         0.721     22906.000
      111.012         0.721     22921.000
      111.065         0.722     22936.000
      111.150         0.722     22951.000
      111.215         0.723     22966.000
      111.273         0.723     22981.000
      111.334         0.724     22996.000
      111.389         0.724     23011.000
      111.449         0.725     23026.000
      111.485         0.725     23041.000
      111.554         0.726     23056.000
      111.618         0.726     23071.000
      111.661         0.727     23086.000
      111.701         0.727     23101.000
      111.766         0.727     23116.000
      111.821         0.728     23131.000
      111.877         0.728     23146.000
      111.909         0.729     23161.000
      111.969         0.729     23176.000
      112.045         0.730     23191.000
      112.082         0.730     23206.000
      112.139         0.731     23221.000
      112.201         0.731     23236.000
      112.251         0.732     23251.000
      112.297         0.732     23266.000
      112.356         0.733     23281.000
      112.397         0.733     23296.000
      112.444         0.734     23311.000
      112.490         0.734     23326.000
      112.553         0.735     23341.000
      112.600         0.735     23356.000
      112.681         0.736     23371.000
      112.735         0.736     23386.000
      112.782         0.736     23401.000
      112.822         0.737     23416.000
      112.856         0.737     23431.000
      112.893         0.738     23446.000
      112.953         0.738     23461.000
      113.011         0.739     23476.000
      113.058         0.739     23491.000
      113.116         0.740     23506.000
      113.164         0.740     23521.000
      113.246         0.741     23536.000
      113.314         0.741     23551.000
      113.387         0.742     23566.000
      113.425         0.742     23581.000
      113.491         0.743     23596.000
      113.541         0.743     23611.000
      113.582         0.744     23626.000
      113.645         0.744     23641.000
      113.709         0.744     23656.000
      113.758         0.745     23671.000
      113.819         0.745     23686.000
      113.847         0.746     23701.000
      113.911         0.746     23716.000
      113.964         0.747     23731.000
      114.026         0.747     23746.000
      114.091         0.748     23761.000
      114.150         0.748     23776.000
      114.192         0.749     23791.000
      114.262         0.749     23806.000
      114.332         0.750     23821.000
      114.375         0.750     23836.000
      114.454         0.751     23851.000
      114.489         0.751     23866.000
      114.535         0.752     23881.000
      114.581         0.752     23896.000
      114.643         0.753     23911.000
      114.670         0.753     23926.000
      114.768         0.753     23941.000
      114.821         0.754     23956.000
      114.878         0.754     23971.000
      114.923         0.755     23986.000
      114.969         0.755     24001.000
      115.009         0.756     24016.000
      115.067         0.756     24031.000
      115.126         0.757     24046.000
      115.210         0.757     24061.000
      115.288         0.758     24076.000
      115.381         0.758     24091.000
      115.438         0.759     24106.000
      115.504         0.759     24121.000
      115.533         0.760     24136.000
      115.603         0.760     24151.000
      115.675         0.761     24166.000
      115.756         0.761     24181.000
      115.810         0.761     24196.000
      115.868         0.762     24211.000
      115.940         0.762     24226.000
      116.018         0.763     24241.000
      116.080         0.763     24256.000
      116.132         0.764     24271.000
      116.215         0.764     24286.000
      116.252         0.765     24301.000
      116.351         0.765     24316.000
      116.439         0.766     24331.000
      116.498         0.766     24346.000
      116.556         0.767     24361.000
      116.603         0.767     24376.000
      116.648         0.768     24391.000
      116.733         0.768     24406.000
      116.769         0.769     24421.000
      116.866         0.769     24436.000
      116.959         0.770     24451.000
      117.014         0.770     24466.000
      117.053         0.770     24481.000
      117.125         0.771     24496.000
      117.185         0.771     24511.000
      117.271         0.772     24526.000
      117.327         0.772     24541.000
      117.397         0.773     24556.000
      117.466         0.773     24571.000
      117.512         0.774     24586.000
      117.582         0.774     24601.000
      117.612         0.775     24616.000
      117.736         0.775     24631.000
      117.787         0.776     24646.000
      117.883         0.776     24661.000
      117.915         0.777     24676.000
      117.984         0.777     24691.000
      118.058         0.778     24706.000
      118.151         0.778     24721.000
      118.213         0.778     24736.000
      118.302         0.779     24751.000
      118.343         0.779     24766.000
      118.442         0.780     24781.000
      118.510         0.780     24796.000
      118.589         0.781     24811.000
      118.665         0.781     24826.000
      118.730         0.782     24841.000
      118.784         0.782     24856.000
      118.865         0.783     24871.000
      118.951         0.783     24886.000
      119.007         0.784     24901.000
      119.072         0.784     24916.000
      119.124         0.785     24931.000
      119.202         0.785     24946.000
      119.254         0.786     24961.000
      119.328         0.786     24976.000
      119.446         0.786     24991.000
      119.527         0.787     25006.000
      119.582         0.787     25021.000
      119.667         0.788     25036.000
      119.712         0.788     25051.000
      119.846         0.789     25066.000
      119.937         0.789     25081.000
      119.982         0.790     25096.000
      120.021         0.790     25111.000
      120.118         0.791     25126.000
      120.206         0.791     25141.000
      120.331         0.792     25156.000
      120.421         0.792     25171.000
      120.469         0.793     25186.000
      120.554         0.793     25201.000
      120.680         0.794     25216.000
      120.756         0.794     25231.000
      120.807         0.795     25246.000
      120.862         0.795     25261.000
      120.950         0.795     25276.000
      121.061         0.796     25291.000
      121.146         0.796     25306.000
      121.194         0.797     25321.000
      121.282         0.797     25336.000
      121.355         0.798     25351.000
      121.449         0.798     25366.000
      121.547         0.799     25381.000
      121.630         0.799     25396.000
      121.754         0.800     25411.000
      121.900         0.800     25426.000
      121.981         0.801     25441.000
      122.052         0.801     25456.000
      122.097         0.802     25471.000
      122.178         0.802     25486.000
      122.243         0.803     25501.000
      122.354         0.803     25516.000
      122.485         0.803     25531.000
      122.590         0.804     25546.000
      122.669         0.804     25561.000
      122.785         0.805     25576.000
      122.877         0.805     25591.000
      122.921         0.806     25606.000
      123.000         0.806     25621.000
      123.082         0.807     25636.000
      123.174         0.807     25651.000
      123.269         0.808     25666.000
      123.373         0.808     25681.000
      123.440         0.809     25696.000
      123.515         0.809     25711.000
      123.592         0.810     25726.000
      123.677         0.810     25741.000
      123.772         0.811     25756.000
      123.883         0.811     25771.000
      123.985         0.812     25786.000
      124.057         0.812     25801.000
      124.150         0.812     25816.000
      124.220         0.813     25831.000
      124.302         0.813     25846.000
      124.376         0.814     25861.000
      124.420         0.814     25876.000
      124.552         0.815     25891.000
      124.632         0.815     25906.000
      124.711         0.816     25921.000
      124.783         0.816     25936.000
      124.870         0.817     25951.000
      124.942         0.817     25966.000
      125.001         0.818     25981.000
      125.072         0.818     25996.000
      125.135         0.819     26011.000
      125.223         0.819     26026.000
      125.296         0.820     26041.000
      125.418         0.820     26056.000
      125.494         0.820     26071.000
      125.598         0.821     26086.000
      125.683         0.821     26101.000
      125.789         0.822     26116.000
      125.870         0.822     26131.000
      125.983         0.823     26146.000
      126.084         0.823     26161.000
      126.132         0.824     26176.000
      126.192         0.824     26191.000
      126.283         0.825     26206.000
      126.348         0.825     26221.000
      126.425         0.826     26236.000
      126.490         0.826     26251.000
      126.551         0.827     26266.000
      126.667         0.827     26281.000
      126.800         0.828     26296.000
      126.865         0.828     26311.000
      126.953         0.829     26326.000
      127.080         0.829     26341.000
      127.180         0.829     26356.000
      127.261         0.830     26371.000
      127.374         0.830     26386.000
      127.463         0.831     26401.000
      127.591         0.831     26416.000
      127.648         0.832     26431.000
      127.733         0.832     26446.000
      127.840         0.833     26461.000
      127.922         0.833     26476.000
      127.968         0.834     26491.000
      128.060         0.834     26506.000
      128.197         0.835     26521.000
      128.264         0.835     26536.000
      128.370         0.836     26551.000
      128.452         0.836     26566.000
      128.539         0.837     26581.000
      128.640         0.837     26596.000
      128.736         0.837     26611.000
      128.866         0.838     26626.000
      128.932         0.838     26641.000
      129.014         0.839     26656.000
      129.099         0.839     26671.000
      129.207         0.840     26686.000
      129.296         0.840     26701.000
      129.360         0.841     26716.000
      129.461         0.841     26731.000
      129.551         0.842     26746.000
      129.678         0.842     26761.000
      129.767         0.843     26776.000
      129.879         0.843     26791.000
      129.955         0.844     26806.000
      130.031         0.844     26821.000
      130.107         0.845     26836.000
      130.266         0.845     26851.000
      130.321         0.846     26866.000
      130.406         0.846     26881.000
      130.509         0.846     26896.000
      130.601         0.847     26911.000
      130.694         0.847     26926.000
      130.802         0.848     26941.000
      130.889         0.848     26956.000
      130.983         0.849     26971.000
      131.064         0.849     26986.000
      131.153         0.850     27001.000
      131.256         0.850     27016.000
      131.327         0.851     27031.000
      131.431         0.851     27046.000
      131.511         0.852     27061.000
      131.569         0.852     27076.000
      131.610         0.853     27091.000
      131.778         0.853     27106.000
      131.868         0.854     27121.000
      131.971         0.854     27136.000
      132.057         0.854     27151.000
      132.140         0.855     27166.000
      132.274         0.855     27181.000
      132.367         0.856     27196.000
      132.408         0.856     27211.000
      132.476         0.857     27226.000
      132.614         0.857     27241.000
      132.736         0.858     27256.000
      132.835         0.858     27271.000
      132.926         0.859     27286.000
      133.030         0.859     27301.000
      133.085         0.860     27316.000
      133.183         0.860     27331.000
      133.299         0.861     27346.000
      133.453         0.861     27361.000
      133.550         0.862     27376.000
      133.606         0.862     27391.000
      133.677         0.863     27406.000
      133.758         0.863     27421.000
      133.865         0.863     27436.000
      133.921         0.864     27451.000
      134.017         0.864     27466.000
      134.145         0.865     27481.000
      134.249         0.865     27496.000
      134.377         0.866     27511.000
      134.458         0.866     27526.000
      134.531         0.867     27541.000
      134.640         0.867     27556.000
      134.783         0.868     27571.000
      134.858         0.868     27586.000
      134.940         0.869     27601.000
      135.037         0.869     27616.000
      135.140         0.870     27631.000
      135.202         0.870     27646.000
      135.297         0.871     27661.000
      135.362         0.871     27676.000
      135.492         0.871     27691.000
      135.586         0.872     27706.000
      135.662         0.872     27721.000
      135.742         0.873     27736.000
      135.811         0.873     27751.000
      135.939         0.874     27766.000
      135.990         0.874     27781.000
      136.030         0.875     27796.000
      136.157         0.875     27811.000
      136.292         0.876     27826.000
      136.369         0.876     27841.000
      136.476         0.877     27856.000
      136.540         0.877     27871.000
      136.622         0.878     27886.000
      136.698         0.878     27901.000
      136.817         0.879     27916.000
      136.917         0.879     27931.000
      137.044         0.879     27946.000
      137.166         0.880     27961.000
      137.239         0.880     27976.000
      137.335         0.881     27991.000
      137.444         0.881     28006.000
      137.522         0.882     28021.000
      137.607         0.882     28036.000
      137.713         0.883     28051.000
      137.836         0.883     28066.000
      137.892         0.884     28081.000
      137.989         0.884     28096.000
      138.099         0.885     28111.000
      138.188         0.885     28126.000
      138.293         0.886     28141.000
      138.416         0.886     28156.000
      138.529         0.887     28171.000
      138.620         0.887     28186.000
      138.695         0.888     28201.000
      138.807         0.888     28216.000
      138.905         0.888     28231.000
      138.985         0.889     28246.000
      139.086         0.889     28261.000
      139.199         0.890     28276.000
      139.279         0.890     28291.000
      139.333         0.891     28306.000
      139.413         0.891     28321.000
      139.530         0.892     28336.000
      139.639         0.892     28351.000
      139.731         0.893     28366.000
      139.817         0.893     28381.000
      139.960         0.894     28396.000
      140.068         0.894     28411.000
      140.153         0.895     28426.000
      140.288         0.895     28441.000
      140.374         0.896     28456.000
      140.468         0.896     28471.000
      140.539         0.896     28486.000
      140.665         0.897     28501.000
      140.768         0.897     28516.000
      140.865         0.898     28531.000
      140.932         0.898     28546.000
      141.040         0.899     28561.000
      141.135         0.899     28576.000
      141.266         0.900     28591.000
      141.315         0.900     28606.000
      141.414         0.901     28621.000
      141.504         0.901     28636.000
      141.617         0.902     28651.000
      141.739         0.902     28666.000
      141.843         0.903     28681.000
      141.946         0.903     28696.000
      142.017         0.904     28711.000
      142.110         0.904     28726.000
      142.209         0.905     28741.000
      142.273         0.905     28756.000
      142.356         0.905     28771.000
      142.416         0.906     28786.000
      142.540         0.906     28801.000
      142.645         0.907     28816.000
      142.789         0.907     28831.000
      142.902         0.908     28846.000
      143.068         0.908     28861.000
      143.153         0.909     28876.000
      143.256         0.909     28891.000
      143.364         0.910     28906.000
      143.455         0.910     28921.000
      143.527         0.911     28936.000
      143.637         0.911     28951.000
      143.731         0.912     28966.000
      143.820         0.912     28981.000
      143.934         0.913     28996.000
      144.050         0.913     29011.000
      144.166         0.913     29026.000
      144.282         0.914     29041.000
      144.360         0.914     29056.000
      144.480         0.915     29071.000
      144.601         0.915     29086.000
      144.699         0.916     29101.000
      144.823         0.916     29116.000
      144.967         0.917     29131.000
      145.064         0.917     29146.000
      145.166         0.918     29161.000
      145.238         0.918     29176.000
      145.347         0.919     29191.000
      145.474         0.919     29206.000
      145.582         0.920     29221.000
      145.655         0.920     29236.000
      145.783         0.921     29251.000
      145.912         0.921     29266.000
      146.006         0.922     29281.000
      146.106         0.922     29296.000
      146.205         0.922     29311.000
      146.324         0.923     29326.000
      146.439         0.923     29341.000
      146.567         0.924     29356.000
      146.675         0.924     29371.000
      146.759         0.925     29386.000
      146.854         0.925     29401.000
      147.001         0.926     29416.000
      147.105         0.926     29431.000
      147.197         0.927     29446.000
      147.317         0.927     29461.000
      147.402         0.928     29476.000
      147.553         0.928     29491.000
      147.658         0.929     29506.000
      147.742         0.929     29521.000
      147.856         0.930     29536.000
      147.961         0.930     29551.000
      148.043         0.930     29566.000
      148.125         0.931     29581.000
      148.247         0.931     29596.000
      148.321         0.932     29611.000
      148.478         0.932     29626.000
      148.606         0.933     29641.000
      148.736         0.933     29656.000
      148.850         0.934     29671.000
      148.975         0.934     29686.000
      149.084         0.935     29701.000
      149.165         0.935     29716.000
      149.268         0.936     29731.000
      149.356         0.936     29746.000
      149.481         0.937     29761.000
      149.555         0.937     29776.000
      149.655         0.938     29791.000
      149.733         0.938     29806.000
      149.832         0.939     29821.000
      149.991         0.939     29836.000
      150.125         0.939     29851.000
      150.271         0.940     29866.000
      150.387         0.940     29881.000
      150.563         0.941     29896.000
      150.680         0.941     29911.000
      150.769         0.942     29926.000
      150.857         0.942     29941.000
      151.000         0.943     29956.000
      151.120         0.943     29971.000
      151.215         0.944     29986.000
      151.304         0.944     30001.000
      151.410         0.945     30016.000
      151.524         0.945     30031.000
      151.610         0.946     30046.000
      151.733         0.946     30061.000
      151.864         0.947     30076.000
      152.052         0.947     30091.000
      152.152         0.947     30106.000
      152.219         0.948     30121.000
      152.387         0.948     30136.000
      152.540         0.949     30151.000
      152.673         0.949     30166.000
      152.840         0.950     30181.000
      152.988         0.950     30196.000
      153.118         0.951     30211.000
      153.232         0.951     30226.000
      153.317         0.952     30241.000
      153.388         0.952     30256.000
      153.528         0.953     30271.000
      153.697         0.953     30286.000
      153.855         0.954     30301.000
      154.096         0.954     30316.000
      154.258         0.955     30331.000
      154.361         0.955     30346.000
      154.551         0.955     30361.000
      154.751         0.956     30376.000
      154.867         0.956     30391.000
      154.991         0.957     30406.000
      155.134         0.957     30421.000
      155.298         0.958     30436.000
      155.402         0.958     30451.000
      155.518         0.959     30466.000
      155.702         0.959     30481.000
      155.856         0.960     30496.000
      156.046         0.960     30511.000
      156.197         0.961     30526.000
      156.324         0.961     30541.000
      156.452         0.962     30556.000
      156.611         0.962     30571.000
      156.767         0.963     30586.000
      156.855         0.963     30601.000
      157.025         0.964     30616.000
      157.171         0.964     30631.000
      157.301         0.964     30646.000
      157.424         0.965     30661.000
      157.517         0.965     30676.000
      157.661         0.966     30691.000
      157.827         0.966     30706.000
      157.964         0.967     30721.000
      158.164         0.967     30736.000
      158.289         0.968     30751.000
      158.450         0.968     30766.000
      158.605         0.969     30781.000
      158.717         0.969     30796.000
      158.873         0.970     30811.000
      159.031         0.970     30826.000
      159.141         0.971     30841.000
      159.339         0.971     30856.000
      159.444         0.972     30871.000
      159.577         0.972     30886.000
      159.696         0.972     30901.000
      159.918         0.973     30916.000
      160.039         0.973     30931.000
      160.243         0.974     30946.000
      160.364         0.974     30961.000
      160.611         0.975     30976.000
      160.790         0.975     30991.000
      160.928         0.976     31006.000
      161.066         0.976     31021.000
      161.282         0.977     31036.000
      161.493         0.977     31051.000
      161.655         0.978     31066.000
      161.862         0.978     31081.000
      162.024         0.979     31096.000
      162.155         0.979     31111.000
      162.425         0.980     31126.000
      162.736         0.980     31141.000
      162.945         0.981     31156.000
      163.158         0.981     31171.000
      163.373         0.981     31186.000
      163.581         0.982     31201.000
      163.801         0.982     31216.000
      164.092         0.983     31231.000
      164.246         0.983     31246.000
      164.550         0.984     31261.000
      164.931         0.984     31276.000
      165.283         0.985     31291.000
      165.485         0.985     31306.000
      165.709         0.986     31321.000
      166.191         0.986     31336.000
      166.489         0.987     31351.000
      166.846         0.987     31366.000
      167.338         0.988     31381.000
      167.629         0.988     31396.000
      168.132         0.989     31411.000
      168.701         0.989     31426.000
      169.113         0.989     31441.000
      169.571         0.990     31456.000
      170.171         0.990     31471.000
      170.849         0.991     31486.000
      171.583         0.991     31501.000
      172.539         0.992     31516.000
      173.753         0.992     31531.000
      175.026         0.993     31546.000
      176.090         0.993     31561.000
      177.333         0.994     31576.000
      178.534         0.994     31591.000
      180.022         0.995     31606.000
      181.105         0.995     31621.000
      182.330         0.996     31636.000
      183.573         0.996     31651.000
      184.848         0.997     31666.000
      186.116         0.997     31681.000
      187.538         0.998     31696.000
      189.427         0.998     31711.000
      191.121         0.998     31726.000
      193.268         0.999     31741.000
      195.958         0.999     31756.000
      199.528         1.000     31771.000
